1712266670749
1712268644877
1712268644879
1712270619443
1712270619447
1712272592811
1712272592814
1712274566051
1712274566054
1712276538969
2 cores
1712276538973
1712277539142
4 cores
1712277539143
1712278077950
6 cores
1712278077951
1712278442855
8 cores
1712278442857
1712278721423
10 cores
1712278721428
1712278937457
12 cores
1712278937465
1712279129980
14 cores
1712279129994
1712279300775
16 cores
1712279300798
1712279451401
18 cores
1712279451435
1712279581449
20 cores
1712279581498
1712279690240
22 cores
1712279690304
1712279799233
24 cores
1712279799312
1712279906931
26 cores
1712279907026
1712279996359
28 cores
1712279996469
1712280084516
2 cores
1712280084527
1712281084257
4 cores
1712281084257
1712281623284
6 cores
1712281623285
1712281988230
8 cores
1712281988233
1712282266703
10 cores
1712282266708
1712282482414
12 cores
1712282482423
1712282676503
14 cores
1712282676518
1712282847401
16 cores
1712282847423
1712282998848
18 cores
1712282998881
1712283128969
20 cores
1712283129017
1712283237862
22 cores
1712283237926
1712283346847
24 cores
1712283346926
1712283455707
26 cores
1712283455803
1712283543568
28 cores
1712283543677
1712283631148
2 cores
1712283631159
1712284630652
4 cores
1712284630653
1712285169979
6 cores
1712285169980
1712285536727
8 cores
1712285536730
1712285816511
10 cores
1712285816515
1712286032171
12 cores
1712286032179
1712286225797
14 cores
1712286225811
1712286396750
16 cores
1712286396773
1712286547660
18 cores
1712286547694
1712286677570
20 cores
1712286677587
1712286786204
22 cores
1712286786267
1712286895300
24 cores
1712286895379
1712287002938
26 cores
1712287003033
1712287090632
28 cores
1712287090741
1712287179138
2 cores
1712287179150
1712288178727
4 cores
1712288178728
1712288717876
6 cores
1712288717877
1712289082866
8 cores
1712289082868
1712289362689
10 cores
1712289362694
1712289578423
12 cores
1712289578432
1712289770921
14 cores
1712289770935
1712289941874
16 cores
1712289941896
1712290093155
18 cores
1712290093189
1712290223144
20 cores
1712290223193
1712290331809
22 cores
1712290331872
1712290440721
24 cores
1712290440799
1712290550345
26 cores
1712290550440
1712290638832
28 cores
1712290638941
1712290727492
2 cores
1712290727504
1712291727091
4 cores
1712291727092
1712292265886
6 cores
1712292265887
1712292632076
8 cores
1712292632078
1712292910795
10 cores
1712292910800
1712293127355
12 cores
1712293127364
1712293319865
14 cores
1712293319879
1712293490809
16 cores
1712293490831
1712293640234
18 cores
1712293640268
1712293770598
20 cores
1712293770647
1712293879375
22 cores
1712293879439
1712293988321
24 cores
1712293988400
1712294095527
26 cores
1712294095623
1712294183346
28 cores
1712294183455
1712294271704
