1713457064485
1713457159674
1713457159677
1713457255856
1713457255859
1713457351127
1713457351130
1713457446454
1713457446457
1713457541748
2 cores
1713457541751
1713457637827
4 cores
1713457637829
1713457689737
6 cores
1713457689739
1713457724361
8 cores
1713457724365
1713457750395
10 cores
1713457750401
1713457771263
12 cores
1713457771273
1713457788651
14 cores
1713457788666
1713457803628
16 cores
1713457803651
1713457817478
18 cores
1713457817513
1713457829912
20 cores
1713457829959
1713457841773
22 cores
1713457841833
1713457852580
24 cores
1713457852656
1713457862210
26 cores
1713457862298
1713457871637
28 cores
1713457871747
1713457880608
2 cores
1713457880617
1713457976672
4 cores
1713457976673
1713458028573
6 cores
1713458028575
1713458063252
8 cores
1713458063256
1713458089102
10 cores
1713458089107
1713458109951
12 cores
1713458109961
1713458127394
14 cores
1713458127409
1713458142384
16 cores
1713458142408
1713458155684
18 cores
1713458155702
1713458168031
20 cores
1713458168078
1713458179092
22 cores
1713458179116
1713458189703
24 cores
1713458189779
1713458199743
26 cores
1713458199834
1713458210367
28 cores
1713458210476
1713458219525
2 cores
1713458219536
1713458315428
4 cores
1713458315429
1713458367330
6 cores
1713458367332
1713458402006
8 cores
1713458402010
1713458428031
10 cores
1713458428037
1713458448909
12 cores
1713458448918
1713458466344
14 cores
1713458466359
1713458481258
16 cores
1713458481281
1713458494627
18 cores
1713458494661
1713458507024
20 cores
1713458507071
1713458518502
22 cores
1713458518564
1713458529004
24 cores
1713458529079
1713458538696
26 cores
1713458538788
1713458548228
28 cores
1713458548328
1713458557118
2 cores
1713458557127
1713458653084
4 cores
1713458653086
1713458704969
6 cores
1713458704971
1713458739642
8 cores
1713458739645
1713458765689
10 cores
1713458765695
1713458786576
12 cores
1713458786586
1713458804041
14 cores
1713458804056
1713458819089
16 cores
1713458819112
1713458832643
18 cores
1713458832678
1713458844714
20 cores
1713458844762
1713458856460
22 cores
1713458856518
1713458867060
24 cores
1713458867132
1713458876876
26 cores
1713458876966
1713458888039
28 cores
1713458888150
1713458897028
2 cores
1713458897037
1713458993036
4 cores
1713458993038
1713459044926
6 cores
1713459044928
1713459079606
8 cores
1713459079609
1713459105543
10 cores
1713459105548
1713459126384
12 cores
1713459126393
1713459143833
14 cores
1713459143848
1713459158870
16 cores
1713459158894
1713459172738
18 cores
1713459172772
1713459184977
20 cores
1713459185023
1713459196607
22 cores
1713459196667
1713459207027
24 cores
1713459207103
1713459217516
26 cores
1713459217606
1713459227124
28 cores
1713459227229
1713459236578
