1713459236589
1713460005008
1713460005011
1713460773821
1713460773823
1713461541494
1713461541498
1713462311048
1713462311051
1713463079446
2 cores
1713463079451
1713463832694
4 cores
1713463832697
1713464240930
6 cores
1713464240933
1713464512979
8 cores
1713464512984
1713464717066
10 cores
1713464717072
1713464880874
12 cores
1713464880884
1713465017201
14 cores
1713465017217
1713465134338
16 cores
1713465134363
1713465238822
18 cores
1713465238857
1713465345548
20 cores
1713465345594
1713465428141
22 cores
1713465428200
1713465506044
24 cores
1713465506116
1713465575544
26 cores
1713465575629
1713465639913
28 cores
1713465640020
1713465699786
2 cores
1713465699801
1713466455755
4 cores
1713466455757
1713466864406
6 cores
1713466864409
1713467136911
8 cores
1713467136916
1713467341192
10 cores
1713467341199
1713467505023
12 cores
1713467505033
1713467641478
14 cores
1713467641494
1713467758912
16 cores
1713467758937
1713467863250
18 cores
1713467863286
1713467954990
20 cores
1713467955037
1713468037672
22 cores
1713468037730
1713468113698
24 cores
1713468113770
1713468183561
26 cores
1713468183645
1713468247633
28 cores
1713468247740
1713468307305
2 cores
1713468307321
1713469063507
4 cores
1713469063509
1713469472132
6 cores
1713469472135
1713469744733
8 cores
1713469744738
1713469948896
10 cores
1713469948903
1713470112752
12 cores
1713470112763
1713470249239
14 cores
1713470249256
1713470366453
16 cores
1713470366478
1713470470251
18 cores
1713470470287
1713470561825
20 cores
1713470561871
1713470644250
22 cores
1713470644309
1713470719800
24 cores
1713470719872
1713470789454
26 cores
1713470789542
1713470854641
28 cores
1713470854744
1713470914390
2 cores
1713470914404
1713471670003
4 cores
1713471670005
1713472078802
6 cores
1713472078805
1713472350948
8 cores
1713472350952
1713472555532
10 cores
1713472555538
1713472719312
12 cores
1713472719322
1713472855832
14 cores
1713472855848
1713472973077
16 cores
1713472973102
1713473075689
18 cores
1713473075725
1713473167524
20 cores
1713473167542
1713473250675
22 cores
1713473250734
1713473326918
24 cores
1713473326990
1713473396647
26 cores
1713473396734
1713473461523
28 cores
1713473461619
1713473521671
2 cores
1713473521686
1713474276710
4 cores
1713474276712
1713474684075
6 cores
1713474684078
1713474956139
8 cores
1713474956143
1713475160551
10 cores
1713475160558
1713475324223
12 cores
1713475324233
1713475460489
14 cores
1713475460505
1713475577737
16 cores
1713475577762
1713475680500
18 cores
1713475680535
1713475772365
20 cores
1713475772412
1713475855014
22 cores
1713475855073
1713475930650
24 cores
1713475930720
1713476000071
26 cores
1713476000156
1713476064408
28 cores
1713476064508
1713476123855
