1712417637519
1712418823135
1712418823138
1712420092711
1712420092715
1712421283328
1712421283331
1712422469457
1712422469460
1712423655533
2 cores
1712423655536
1712424898849
4 cores
1712424898850
1712425568999
6 cores
1712425569000
1712426024752
8 cores
1712426024755
1712426373281
10 cores
1712426373286
1712426641352
12 cores
1712426641361
1712426882637
14 cores
1712426882652
1712427095137
16 cores
1712427095159
1712427281314
18 cores
1712427281348
1712427442744
20 cores
1712427442793
1712427577698
22 cores
1712427577723
1712427712679
24 cores
1712427712758
1712427847564
26 cores
1712427847659
1712427956196
28 cores
1712427956311
1712428064785
2 cores
1712428064793
1712429307924
4 cores
1712429307924
1712429977817
6 cores
1712429977818
1712430432929
8 cores
1712430432931
1712430779535
10 cores
1712430779539
1712431047536
12 cores
1712431047545
1712431286851
14 cores
1712431286865
1712431499071
16 cores
1712431499094
1712431686151
18 cores
1712431686185
1712431847563
20 cores
1712431847612
1712431982305
22 cores
1712431982369
1712432117312
24 cores
1712432117391
1712432251658
26 cores
1712432251753
1712432360184
28 cores
1712432360299
1712432469981
2 cores
1712432469991
1712433712942
4 cores
1712433712943
1712434382948
6 cores
1712434382949
1712434838569
8 cores
1712434838572
1712435187151
10 cores
1712435187155
1712435455417
12 cores
1712435455425
1712435696696
14 cores
1712435696710
1712435909110
16 cores
1712435909132
1712436096413
18 cores
1712436096446
1712436257969
20 cores
1712436258017
1712436392901
22 cores
1712436392964
1712436528005
24 cores
1712436528084
1712436662206
26 cores
1712436662299
1712436773060
28 cores
1712436773169
1712436881657
2 cores
1712436881667
1712438124357
4 cores
1712438124357
1712438794328
6 cores
1712438794329
1712439250050
8 cores
1712439250052
1712439598496
10 cores
1712439598500
1712439866857
12 cores
1712439866866
1712440107586
14 cores
1712440107599
1712440320176
16 cores
1712440320198
1712440507615
18 cores
1712440507649
1712440668805
20 cores
1712440668853
1712440803996
22 cores
1712440804059
1712440939106
24 cores
1712440939185
1712441073139
26 cores
1712441073235
1712441181629
28 cores
1712441181738
1712441290288
2 cores
1712441290297
1712442533133
4 cores
1712442533133
1712443203812
6 cores
1712443203813
1712443658773
8 cores
1712443658776
1712444006759
10 cores
1712444006764
1712444274867
12 cores
1712444274875
1712444515590
14 cores
1712444515604
1712444727794
16 cores
1712444727816
1712444915223
18 cores
1712444915257
1712445076657
20 cores
1712445076705
1712445211688
22 cores
1712445211752
1712445346782
24 cores
1712445346860
1712445481320
26 cores
1712445481415
1712445589986
28 cores
1712445590095
1712445698409
