1713456759971
1713456771901
1713456771903
1713456784292
1713456784295
1713456796222
1713456796224
1713456808155
1713456808158
1713456820078
2 cores
1713456820082
1713456832523
4 cores
1713456832524
1713456839264
6 cores
1713456839266
1713456843753
8 cores
1713456843756
1713456847138
10 cores
1713456847143
1713456849884
12 cores
1713456849892
1713456852182
14 cores
1713456852196
1713456854386
16 cores
1713456854409
1713456857078
18 cores
1713456857112
1713456859525
20 cores
1713456859572
1713456861775
22 cores
1713456861836
1713456863813
24 cores
1713456863891
1713456865739
26 cores
1713456865831
1713456867548
28 cores
1713456867653
1713456869255
2 cores
1713456869263
1713456881668
4 cores
1713456881668
1713456888401
6 cores
1713456888403
1713456892889
8 cores
1713456892892
1713456896276
10 cores
1713456896282
1713456899004
12 cores
1713456899013
1713456901303
14 cores
1713456901317
1713456903275
16 cores
1713456903283
1713456905777
18 cores
1713456905811
1713456908193
20 cores
1713456908240
1713456910326
22 cores
1713456910387
1713456912368
24 cores
1713456912445
1713456914290
26 cores
1713456914380
1713456916095
28 cores
1713456916202
1713456917809
2 cores
1713456917816
1713456930255
4 cores
1713456930256
1713456937001
6 cores
1713456937003
1713456941483
8 cores
1713456941486
1713456944890
10 cores
1713456944895
1713456947617
12 cores
1713456947626
1713456949903
14 cores
1713456949917
1713456952544
16 cores
1713456952566
1713456954813
18 cores
1713456954847
1713456956945
20 cores
1713456956993
1713456959160
22 cores
1713456959220
1713456961230
24 cores
1713456961307
1713456963159
26 cores
1713456963251
1713456964954
28 cores
1713456965058
1713456966664
2 cores
1713456966670
1713456979110
4 cores
1713456979111
1713456985848
6 cores
1713456985849
1713456990335
8 cores
1713456990338
1713456993745
10 cores
1713456993750
1713456996475
12 cores
1713456996483
1713456998748
14 cores
1713456998763
1713457001371
16 cores
1713457001394
1713457003782
18 cores
1713457003816
1713457006195
20 cores
1713457006242
1713457008441
22 cores
1713457008503
1713457010448
24 cores
1713457010525
1713457012343
26 cores
1713457012435
1713457014161
28 cores
1713457014266
1713457015869
2 cores
1713457015876
1713457028311
4 cores
1713457028312
1713457035047
6 cores
1713457035048
1713457039522
8 cores
1713457039525
1713457042902
10 cores
1713457042907
1713457045646
12 cores
1713457045655
1713457047923
14 cores
1713457047938
1713457049899
16 cores
1713457049907
1713457052367
18 cores
1713457052401
1713457054797
20 cores
1713457054845
1713457057015
22 cores
1713457057076
1713457059022
24 cores
1713457059099
1713457060947
26 cores
1713457061039
1713457062760
28 cores
1713457062872
1713457064478
