1713349074078
1713349093236
1713349093241
1713349112429
1713349112435
1713349131620
1713349131625
1713349150782
1713349150788
1713349169937
2 cores
1713349169942
1713349179896
4 cores
1713349179898
1713349185283
6 cores
1713349185286
1713349188942
8 cores
1713349188946
1713349191731
10 cores
1713349191737
1713349193907
12 cores
1713349193917
1713349195837
14 cores
1713349195853
1713349197571
16 cores
1713349197595
1713349199137
18 cores
1713349199173
1713349200880
20 cores
1713349200930
1713349202494
22 cores
1713349202558
1713349204148
24 cores
1713349204228
1713349205823
26 cores
1713349205919
1713349207310
28 cores
1713349207420
1713349208773
2 cores
1713349208794
1713349218744
4 cores
1713349218745
1713349224126
6 cores
1713349224129
1713349227780
8 cores
1713349227784
1713349230566
10 cores
1713349230572
1713349232753
12 cores
1713349232763
1713349234692
14 cores
1713349234707
1713349236418
16 cores
1713349236442
1713349238220
18 cores
1713349238255
1713349240003
20 cores
1713349240053
1713349241594
22 cores
1713349241620
1713349243223
24 cores
1713349243260
1713349244626
26 cores
1713349244721
1713349246110
28 cores
1713349246220
1713349247493
2 cores
1713349247507
1713349257463
4 cores
1713349257465
1713349262833
6 cores
1713349262835
1713349266472
8 cores
1713349266476
1713349269281
10 cores
1713349269287
1713349271450
12 cores
1713349271460
1713349273399
14 cores
1713349273415
1713349275132
16 cores
1713349275156
1713349276730
18 cores
1713349276766
1713349278330
20 cores
1713349278379
1713349279904
22 cores
1713349279931
1713349281498
24 cores
1713349281578
1713349283033
26 cores
1713349283081
1713349284478
28 cores
1713349284587
1713349285914
2 cores
1713349285934
1713349295883
4 cores
1713349295885
1713349301268
6 cores
1713349301270
1713349304905
8 cores
1713349304908
1713349307722
10 cores
1713349307728
1713349309891
12 cores
1713349309901
1713349311830
14 cores
1713349311846
1713349313558
16 cores
1713349313582
1713349315140
18 cores
1713349315175
1713349316910
20 cores
1713349316961
1713349318533
22 cores
1713349318598
1713349320150
24 cores
1713349320231
1713349321818
26 cores
1713349321912
1713349323297
28 cores
1713349323407
1713349324807
2 cores
1713349324828
1713349334826
4 cores
1713349334828
1713349340212
6 cores
1713349340214
1713349343891
8 cores
1713349343895
1713349346703
10 cores
1713349346709
1713349348877
12 cores
1713349348887
1713349350841
14 cores
1713349350857
1713349352574
16 cores
1713349352597
1713349354114
18 cores
1713349354150
1713349355804
20 cores
1713349355854
1713349357490
22 cores
1713349357555
1713349359096
24 cores
1713349359177
1713349360757
26 cores
1713349360852
1713349362245
28 cores
1713349362354
1713349363654
