1713349580372
1713349732621
1713349732635
1713349885428
1713349885442
1713350037409
1713350037423
1713350190011
1713350190026
1713350342468
2 cores
1713350342479
1713350421410
4 cores
1713350421415
1713350464422
6 cores
1713350464430
1713350493770
8 cores
1713350493780
1713350515481
10 cores
1713350515492
1713350532857
12 cores
1713350532873
1713350547646
14 cores
1713350547671
1713350560763
16 cores
1713350560793
1713350572255
18 cores
1713350572301
1713350583017
20 cores
1713350583072
1713350592210
22 cores
1713350592278
1713350601097
24 cores
1713350601180
1713350609770
26 cores
1713350609871
1713350618304
28 cores
1713350618419
1713350626355
2 cores
1713350626419
1713350705249
4 cores
1713350705255
1713350748255
6 cores
1713350748262
1713350777519
8 cores
1713350777528
1713350799094
10 cores
1713350799105
1713350816445
12 cores
1713350816461
1713350831259
14 cores
1713350831281
1713350844369
16 cores
1713350844399
1713350855898
18 cores
1713350855939
1713350866401
20 cores
1713350866457
1713350876036
22 cores
1713350876104
1713350884931
24 cores
1713350885014
1713350893231
26 cores
1713350893331
1713350900816
28 cores
1713350900927
1713350908706
2 cores
1713350908771
1713350988036
4 cores
1713350988042
1713351030964
6 cores
1713351030972
1713351060214
8 cores
1713351060223
1713351081830
10 cores
1713351081842
1713351099190
12 cores
1713351099208
1713351113997
14 cores
1713351114018
1713351127063
16 cores
1713351127092
1713351138581
18 cores
1713351138622
1713351149087
20 cores
1713351149142
1713351158582
22 cores
1713351158650
1713351167433
24 cores
1713351167516
1713351176233
26 cores
1713351176329
1713351183801
28 cores
1713351183912
1713351191637
2 cores
1713351191708
1713351270622
4 cores
1713351270627
1713351313583
6 cores
1713351313591
1713351342861
8 cores
1713351342870
1713351364493
10 cores
1713351364505
1713351381887
12 cores
1713351381902
1713351396695
14 cores
1713351396717
1713351409733
16 cores
1713351409762
1713351421135
18 cores
1713351421177
1713351432098
20 cores
1713351432119
1713351441621
22 cores
1713351441689
1713351450499
24 cores
1713351450582
1713351459535
26 cores
1713351459624
1713351467220
28 cores
1713351467340
1713351476877
2 cores
1713351476948
1713351556340
4 cores
1713351556346
1713351599318
6 cores
1713351599326
1713351628626
8 cores
1713351628635
1713351650249
10 cores
1713351650261
1713351667594
12 cores
1713351667609
1713351682364
14 cores
1713351682386
1713351695433
16 cores
1713351695462
1713351706857
18 cores
1713351706874
1713351717387
20 cores
1713351717443
1713351727082
22 cores
1713351727151
1713351736010
24 cores
1713351736092
1713351744768
26 cores
1713351744865
1713351752749
28 cores
1713351752860
1713351761237
