1713356139922
1713356651240
1713356651268
1713357162545
1713357162573
1713357674166
1713357674195
1713358185147
1713358185176
1713358696512
2 cores
1713358696533
1713358965788
4 cores
1713358965803
1713359111874
6 cores
1713359111894
1713359209759
8 cores
1713359209779
1713359284205
10 cores
1713359284228
1713359343524
12 cores
1713359343551
1713359393072
14 cores
1713359393106
1713359436730
16 cores
1713359436751
1713359475748
18 cores
1713359475801
1713359509927
20 cores
1713359509991
1713359542003
22 cores
1713359542082
1713359576652
24 cores
1713359576751
1713359607026
26 cores
1713359607142
1713359631910
28 cores
1713359632038
1713359654759
2 cores
1713359654884
1713359923753
4 cores
1713359923769
1713360069936
6 cores
1713360069956
1713360168019
8 cores
1713360168039
1713360242984
10 cores
1713360243006
1713360302326
12 cores
1713360302354
1713360351912
14 cores
1713360351947
1713360395567
16 cores
1713360395609
1713360433445
18 cores
1713360433498
1713360467605
20 cores
1713360467669
1713360502324
22 cores
1713360502403
1713360531615
24 cores
1713360531705
1713360559035
26 cores
1713360559140
1713360585350
28 cores
1713360585473
1713360608236
2 cores
1713360608357
1713360878278
4 cores
1713360878294
1713361024886
6 cores
1713361024905
1713361122994
8 cores
1713361123011
1713361197783
10 cores
1713361197803
1713361257033
12 cores
1713361257061
1713361306543
14 cores
1713361306578
1713361350128
16 cores
1713361350183
1713361388192
18 cores
1713361388255
1713361432870
20 cores
1713361432934
1713361463336
22 cores
1713361463412
1713361491805
24 cores
1713361491894
1713361520215
26 cores
1713361520320
1713361546095
28 cores
1713361546220
1713361569358
2 cores
1713361569481
1713361839307
4 cores
1713361839323
1713361985628
6 cores
1713361985647
1713362083853
8 cores
1713362083877
1713362158659
10 cores
1713362158685
1713362217941
12 cores
1713362217970
1713362267503
14 cores
1713362267539
1713362311137
16 cores
1713362311158
1713362348930
18 cores
1713362348983
1713362382942
20 cores
1713362383009
1713362413247
22 cores
1713362413322
1713362441855
24 cores
1713362441948
1713362468394
26 cores
1713362468500
1713362493392
28 cores
1713362493518
1713362516346
2 cores
1713362516473
1713362785912
4 cores
1713362785927
1713362932097
6 cores
1713362932116
1713363030024
8 cores
1713363030042
1713363104813
10 cores
1713363104835
1713363163942
12 cores
1713363163969
1713363213449
14 cores
1713363213483
1713363257045
16 cores
1713363257090
1713363295321
18 cores
1713363295380
1713363329344
20 cores
1713363329412
1713363359899
22 cores
1713363359976
1713363392294
24 cores
1713363392387
1713363424154
26 cores
1713363424259
1713363451159
28 cores
1713363451277
1713363474342
